1 -1.33802359169411 -0.803598090553614 -1.06733007579371 0.122923121585444 0.944705837142399 0.0559927717377173
2 1.54335822178735 1.59864213659719 -1.14916372860793 1.0761850272693 1.30162366404834 3.17167433867226
3 0.941843571477448 0.196703403010272 0.936224066153983 2.95942830627423 1.0960675211063 3.34489728221884
4 2.57644943136042 -999 0.723248977959358 1.51134061420859 4.00649117993464 2.86251314024444
5 -0.0831577179263392 0.597967110946154 -0.13875121762738 1.05719102028606 0.415990144349468 0.333773771195512
6 2.82004341881778 2.72894347367532 1.80532488665663 1.11633095606093 0.252926994594838 2.29934100492405
7 0.163675984971022 2.47165437782795 1.68719062145291 2.45590415157473 -0.181432714224778 0.904188089202609
8 0.476688671184522 -999 -0.971698429884458 0.651929425258148 1.8885660764532 2.29194082049341
9 1.68430035150452 1.70473931299945 -0.286716485970049 0.956236458801536 1.00430367885525 2.11333477510904
10 2.51525529920138 -0.217383813488927 0.867788636597654 2.05033365372368 2.6207982778156 4.11188945996279
11 0.320539982203902 2.50136890167164 -0.139068056057622 0.854361272280205 0.316608873613696 0.219335650322752
12 1.57810669322661 -999 -1.06268195095577 -0.567794474728202 -0.412693681383314 1.14987719808401
13 2.93749716468869 1.32706638707949 2.49115708733897 2.32247276195071 0.392397061628992 1.71482946861169
14 3.15466813635975 2.25883947184251 0.485022266376921 2.89903599691041 -0.411053746204396 0.713428968518256
15 1.50171467595412 2.41501842945469 0.506150792294781 2.69119218766914 3.09536189440959 3.36930012116068
16 -0.354551619138367 -999 0.573809724289319 -0.30586947182575 1.79383412918565 0.93911942419659
17 0.507397990391178 1.42291145578406 -1.90418050018883 0.778346645036955 0.608215793230184 0.963082316184463
18 2.42846820150862 2.88460718352948 1.91676963409832 1.8788693353356 1.02492727756977 0.83472140645464
19 -1.09080867652254 1.97656537876577 -0.488926209261369 1.63077948691443 2.42107508234006 1.8034819360191
20 2.40978236892003 -999 0.968728359772164 1.47790712444677 2.97253224666699 3.6202028241316
21 -0.0636618592740683 2.51227360205197 -0.656229543334829 1.221560140692 -0.0218877310044778 2.2029671605713
22 0.718314074674179 0.111284610215249 0.0246280110121231 1.5141922020877 0.426680339435935 3.07293379511275
23 1.05679027094925 1.81326699709764 0.00288453266976707 3.15954728413895 -0.0180283992273473 1.71115748755614
24 2.3214543222957 -999 0.261442271165959 1.31821950764452 0.183487292611112 2.07993062178471
25 2.74505297173631 1.67672558184663 -0.81064146767346 0.0217897531393916 0.468178293724969 3.1014497116737
26 0.897657710702566 1.07465155036338 0.749180978747492 1.8822494016503 2.29087955781494 0.61732372379034
27 0.770556527132197 2.49198529170706 3.1520010460095 1.91147467326946 1.83043206496511 3.72780895917263
28 -0.837332821889698 -999 -1.80314717484257 2.46926090109285 1.03315346821534 2.44188045449167
29 0.256471516716462 1.99533122026857 0.771081917407463 0.844655463930067 -0.0259004205360618 0.802815797135838
30 1.19277894911566 3.1729124969864 0.552201541023426 1.34176306257725 0.600488730766728 1.27054883573058
31 1.17936754596352 1.94409249263507 0.820960444345641 3.14126769034071 2.12907295992788 3.42129843375627
32 1.65648824760813 -999 0.29827865939815 4.81935357141012 3.83766303363841 3.270757531815
33 0.932193474124519 3.76817715252819 -0.0344449671902468 -0.33866012684195 0.59530545282743 1.54150681662463
34 2.11531111733918 1.90731400110499 0.332644397825286 0.264351712928835 1.44560401610921 0.324965291048091
35 2.32446420673861 2.29890645875885 0.647292794761458 4.2803848240324 4.0366497541205 3.27114448785956
36 0.533292682828639 -999 1.77470945153893 3.56194125529492 1.10468412722155 2.71511437469264
37 0.995183103275994 4.55837593080672 3.30590233463366 6.1550239652873 2.99631367973632 3.78472274114279
38 0.762452606011906 0.453542443111305 0.814878834869536 4.08448349187601 2.07032209231844 1.35520684055575
39 3.33341981294281 3.67142988350786 4.26713637783595 2.30867872776273 0.815593007030253 0.772948321357875
40 0.788144818630122 -999 2.56944470637006 1.77311178285131 -0.177122980059439 -0.379739109936093
41 1.24807191251602 2.41859989899483 2.72714032867355 1.90253727621765 0.647373320195796 2.71824022002892
42 3.34219518874738 1.29148179254492 1.75321007520672 1.8635207189977 1.61423989146622 2.22441131187083
43 0.2860959633044 2.21403056464336 -0.137903573210318 0.738297598824155 -0.359628485434255 -0.258542978941023
44 -0.440943711784179 -999 -0.0197667179514731 1.70150919814912 0.369223823963085 2.22915299182184
45 -1.14259339470775 0.286997104682207 0.632840169706727 3.4576433091774 3.17597118892194 3.06786508315547
46 2.95497304275084 2.38328924929653 1.79288652243567 3.2390493393719 3.37364165244594 2.80470903625991
47 1.82379382203473 1.0526955135133 0.856318420453414 0.448619232021688 0.499039979770965 2.29856224630461
48 2.31864150940211 -999 -0.372299579038881 2.09210117314128 -0.182982395433524 1.93268253539436
49 0.732250167303199 2.82804241771009 0.374700344099178 1.80190828827314 -1.68517996074038 1.28870503078954
50 1.56833579120828 1.56356434883653 1.79403229528203 0.509833909175773 -0.369713758785478 0.60848548486227
51 1.79579929513731 1.46245448247409 1.08915001780507 1.31584713990576 1.79288777904692 -1.29744337166807
52 1.98041122249563 -999 2.4428340213294 0.79542847274771 0.138567209517154 0.98371998923925
53 0.83157251474477 1.89596625263707 0.835784913329558 0.928651552301145 1.29972139586208 0.734478702033304
54 4.10888230978982 3.58257828793894 3.20176082249591 2.6565620515854 0.650086014462555 3.12799459177464
55 0.584680267325246 1.91875248348527 2.17593876445878 0.972637723995066 -1.37026574066424 0.319663169605913
56 -0.460734633636783 -999 0.252855759705925 0.856815296656694 -0.965046890999856 1.13342213711733
57 -0.0299593162663332 0.231873197579274 -0.487642579145854 2.08135623572972 1.76945334289839 3.91453843321753
58 0.715026648051176 1.30706987184758 -0.499797041970774 2.32331977801443 2.55662453888884 0.681265060031627
59 -0.0213442290633767 1.98524657611587 -0.0482821704984399 -2.1197194805723 -1.86635901861012 -0.459777825546215
60 -0.920378656846202 -999 -2.75348052125867 1.42204430502056 1.2222459243798 1.88973580875936
61 -1.31266853218227 0.164430883326806 -0.805840355349682 0.768228387626062 0.236939610999822 0.4509779915352
62 1.29380088943323 1.99586470961834 0.585232114447986 2.04328648781499 -0.279832946367595 -0.147628426763821
63 2.02204376031966 0.602432972100024 -0.727094574823035 1.18653711765921 3.0444767532265 1.10548452149658
64 0.234448015126658 -999 1.30970369393433 4.02736408122421 1.91149109050114 4.38068845772568
65 -0.433421217589172 -0.182074981759694 -0.069308697348908 1.4554043665008 1.67147210640361 3.87756819062914
66 2.57700395091709 2.50227991658058 2.18263414679427 4.8483122073835 1.36147507354849 2.21638823997474
67 3.02909705597908 0.983723018518979 3.12824391350685 1.32265801435834 0.891410370828804 1.3384296754338
68 1.18748050546867 -999 0.410531162817701 2.06750077769146 -0.139471917149508 -0.211678368650692
69 0.99566018036713 1.23311011472941 -0.0632558604269511 2.35409851206758 0.828876687835499 -0.46524726169344
70 0.205732766873443 2.18051814287936 0.101575702179352 0.0884851220656122 0.599605627624526 0.111273545041348
71 -1.34477021584069 1.65218172633341 0.620009192504774 2.5325496349262 0.304003828419685 0.568238443385353
72 0.289737000075909 -999 -0.422084171971629 3.56899908388037 2.20576054039886 3.22516464484872
73 0.177356082346759 1.51977388719609 0.136531762015124 -0.165373268850478 -0.551924286659016 1.03188498377813
74 0.407693994800592 1.73478647525827 -1.9604282140086 1.80547645554802 2.24363864589555 2.23032241641859
75 2.1285785640669 2.24128355795569 2.00147632048099 1.83497327470852 -0.523858309815579 1.38635391102732
76 2.26769907615361 -999 1.56276736108263 2.59297244135674 2.66609213894274 2.29717674949277
77 1.48959816585597 1.92095572840932 -0.0386484330015456 2.9807599535027 2.10814848754422 4.15562408522215
78 2.01999192398151 1.78848301190121 2.28673457653392 3.74152378986863 0.769348882238131 1.56799817090137
79 2.05119412805709 3.00189854646157 0.060774379825419 -0.539050844284908 -2.56099787957508 2.0278426072992
80 2.16877647496152 -999 2.84606259212375 2.41738090599754 0.281794083562335 2.80743681827715
81 -0.227374174475668 1.4235074541294 0.138723241019617 2.57590177642361 1.55467908985755 1.34077245648929
82 2.2732373384107 3.1929702846274 0.705447463159944 3.21385509135054 2.31504015973272 2.8937472537662
83 2.48298181430192 4.03115550760143 1.29825831774563 3.72538519108345 2.18398770621562 2.24876765322189
84 -1.01083732352748 -999 -1.12278553860999 1.27457848654387 1.31411534247804 2.7498712004398
85 1.10575790362328 1.04025788839251 -0.0627602333323072 1.40813201555151 2.38104150750533 3.03585476381502
86 1.3526126393309 0.559943265964889 1.53500279974733 2.02610264001319 -0.0657204061054357 1.96811056098125
87 -0.0674189623615526 0.40504665073061 0.617452652824811 3.93386651478417 1.24891411729505 2.73670842798224
88 1.43332450264905 -999 1.56455691241501 3.56201979659012 1.64867715267647 1.96640169826034
89 0.94422668341935 2.67057032662414 -0.080515156051657 3.00095285579056 1.65366178221424 2.49138916476048
90 1.81235331655417 -0.296599292828662 1.17766248895878 2.833075131236 1.09144135721946 2.82058248539266
91 2.30094411537405 2.74081484352925 2.88644620232974 2.11146499963426 4.60849075677014 2.81948160782634
92 3.09099033595232 -999 1.47411194302569 2.02462942721013 0.88654497325118 1.53745205472164
93 1.0660113550497 3.61807926190841 2.3484632207692 3.36088731877103 -1.04548279716064 1.20758487012344
94 1.01019189948966 4.45668063851491 -0.633005284722686 -0.0504894662869901 0.25511752259625 1.21738261948567
95 0.408361944336334 2.73610795470081 1.45570996442973 -1.5554451949774 -0.293555002640594 0.0200759530512766
96 1.07688192533234 -999 -0.424460518227005 -0.941904092923043 -1.22732939095255 -1.14344451920952
97 2.41016324908712 3.86052556321146 2.20218635031963 4.56522803044686 0.151887181526113 4.47291576163908
98 0.1734272244879 -0.934165577230918 -0.295550792129281 2.37587228703011 0.684444436974757 1.92343665771269
99 -0.225077802725421 2.86874165904153 -0.20735970136762 2.22150251989607 0.63313584296894 0.281364424962346
100 1.50175335409179 -999 0.473987862084606 1.15797582639611 -0.549843514980678 1.27600779419452
101 0.885090939845332 1.03688633262403 -0.900941139510407 2.3730723263444 2.19529623382247 2.58583218809917
102 -0.0730831474783982 0.826798280299156 -0.888625361772959 1.47400785806051 1.50961666537564 1.51422883298396
103 1.90273513060007 1.46842892066086 0.631532159950028 1.98363393123201 1.02423569468224 2.82485102366439
104 3.73172909647226 -999 2.21939355332717 3.59872190256634 1.00580640929542 3.88979804466896
105 2.92298128055832 1.80427248892838 -0.362319388757516 0.509287045931512 -0.492353943256397 1.1580920616486
106 0.504336894293934 0.59967169798215 -0.504130946142533 2.04036290903093 -1.62590618997937 -0.237278746126431
107 1.81618831419988 2.41267282618052 0.261935586999417 1.30145299831445 1.44965107257018 0.501800859735757
108 -0.347413668419656 -999 1.1316139231337 1.88648369067071 0.17331470345254 2.28554870292347
109 0.536113390720481 0.40607601448983 -1.23692782895986 -0.0987529090207229 0.188173492992498 1.92680106768733
110 -0.470318372180112 0.752500083726525 1.3243178800852 1.43264289441219 -0.120269933344148 1.54500982635256
111 -0.339907873132749 0.852833742184916 -0.272069411377505 0.12075589826561 1.84383130746551 0.0532476054391677
112 1.4910374010424 -999 -1.78674280303284 -0.483216477174863 0.441261341297673 1.78047765284161
113 -1.07958790849605 -2.09829091244818 -2.27706544548667 0.589049334354264 0.522629848105229 0.488267728448302
114 2.22459645622414 3.05543604218469 -0.507863959473009 3.42515367418088 1.48060279980737 4.03652490950471
115 1.436740773236 1.49664518072474 1.56922257051894 0.196949812146725 0.347567925876484 1.20759859599287
116 -0.563547219449501 -999 -0.0271689423147592 2.39623185052908 0.678602583931292 1.36658512880075
117 -1.11951320531968 -0.924448760840102 -1.93163321775446 -0.931380809929241 -1.1004326102377 -0.358391612176956
118 0.339311242017855 2.25935894900244 -0.139172770098295 3.00002746782496 -1.90722471528135 2.32243233554879
119 -0.0350150496991659 2.50148809293097 -0.85747123732125 0.378384763950076 -2.54587018417145 -0.500682698179969
120 2.00758670522722 -999 -0.351700239547881 0.553251113253899 -0.112658800379515 0.714789346471686
121 2.31301288390514 3.13823519305061 1.55745829813186 2.49360776161699 0.343232171420325 3.04119709750966
122 2.33765180945251 0.695212364841088 2.35685071143578 4.87669317047977 3.51105213493698 5.80288125906854
123 1.94619309615054 0.119976170776378 1.28911592227587 2.50627321458739 1.4508129473151 1.08084597646192
124 -0.973026578767721 -999 0.343791011018548 -0.28647144311729 0.904545895537117 1.75601095788004
125 -0.0772009762265258 0.582573314691369 3.09677197001946 4.57396200172564 2.99542024375061 3.0830501439189
126 -0.0940904218526781 2.63611132578567 -1.19932924925682 2.78339319088131 2.21610363593479 4.75963423662709
127 0.0346505388769964 0.399907199240888 -0.274925334341364 1.92592073677995 -0.140275318532268 -0.771150795018962
128 1.07276481016263 -999 -1.1603572444482 1.1078029971662 1.30109002099779 -0.642298674268104
129 0.270790909379198 0.752975110662865 0.360124553744512 3.21911217993338 -0.220372627952083 1.12396694567105
130 1.50544066178999 3.29784762427187 3.32855070386704 3.35874356019496 2.23468209832763 2.89305304970289
131 -0.200005092052104 2.95219053858862 0.0592683367247842 1.78662235711382 0.080012070206128 3.00554844004619
132 0.345524687699732 -999 1.02377846991798 2.14964416921885 0.21016426693361 2.36513263933091
133 0.758698602891963 0.272934264015103 1.31904194674606 2.01438722503815 -0.485896171691497 1.66636808800494
134 0.205005782310085 2.42551876850336 0.302417271656234 0.313973451517635 -3.12641045381735 -2.44301497710499
135 0.607553875051977 2.74484164503457 -0.215575032847369 -0.0842767658215644 0.602515775219183 1.623912812378
136 1.17659477441088 -999 1.77684697899662 3.24396197103307 1.74532229713632 1.74670153694485
137 0.854517307647633 2.21123522072401 2.02204701195637 0.56289911289376 -2.90900111519491 -0.384269097719624
138 -1.41063735880581 1.2147629521386 1.3741464882486 1.670069968915 1.15008291808686 3.69645957814811
139 0.47418558679367 3.71222015795133 2.24137470228085 1.22541906943012 -1.75580108295867 0.750634946091063
140 -0.124296701556337 -999 1.14780688288321 0.826652421094478 0.0010904604627141 0.395403706808854
141 3.13318125484301 2.27668723329485 1.78830571902183 1.53278318432195 1.98141256267624 2.59204533825238
142 1.19876761810126 1.19327189332142 1.19948451913509 2.86236224995064 0.351350414509042 1.21968203388931
143 -0.768723625634419 1.88280978319986 0.0994547917319216 1.32766868724937 1.26202553553186 2.16953577469234
144 1.49236612016694 -999 0.0557227819599053 0.930098229344232 0.288826429664513 4.05475930654082
145 -0.357100510514505 -0.408510863858991 1.22902178300065 3.62837873822177 1.542124422805 1.67451114686368
146 1.71627474128859 1.08440519849792 0.7906083726091 2.54840687397133 -0.0699086035473466 2.57735185484145
147 1.19516984453099 1.38261021166322 0.951268949067801 -2.54414135926042 -1.26943809307312 -0.11191844554229
148 2.41594645319128 -999 -0.405790795793086 2.90034684291846 2.86729795198562 4.61673894779791
149 1.93691728442534 2.17849361766771 0.539038510094153 -1.59783519708368 -1.87833631853795 -3.66113426493158
150 1.49811175156642 0.851902182833882 2.94648677349754 2.9339913403909 1.81441278531125 0.949621017422954
151 0.981482740510263 1.63282701692133 0.653554985607444 -0.11786779644888 -0.666502857787924 -0.551904080271087
152 2.41233597353172 -999 1.86699915889533 2.59276594551539 0.632333753243238 2.21992345945795
153 3.18638097311936 3.07284874958046 3.03089522137593 2.5820040423803 -0.613261990130266 3.35680194894576
154 0.320470963668363 2.1494536258849 -0.452407621840564 -1.80189499212426 -0.779480453956461 0.863338005797538
155 3.73623640770462 0.183785098841233 2.2164306769765 2.64784146579489 -0.793596510143343 1.55576400337859
156 1.94838000345781 -999 1.5334924614487 2.06258272728461 3.03768850472287 0.961582669544212
157 1.54328908371623 1.01355781151587 0.540333660804799 2.09400325364547 1.24668234679379 0.833328970458848
158 -0.616681768898041 1.79306042382801 -1.09531543697978 1.13298829211521 -1.000792521694 -0.323040060476943
159 1.03959721481817 0.916311515066751 -0.24099105926774 2.74773967063991 0.0719233588330613 2.68742832362195
160 -0.082789792965309 -999 -1.22781436847326 0.139769628344182 -2.32930064321249 1.04947165533855
161 1.00542429767655 0.718227288578975 -0.163209089069905 2.38048957747908 0.303090764292083 -2.0281903376559
162 1.24807767609997 0.641221941310478 1.8662812401422 0.607301933661493 1.64754042145241 0.457883607863686
163 0.534850529185325 1.48917425659505 -0.917505740195337 -0.988392780663357 -3.78569266098694 0.166893404375525
164 1.8885307234964 -999 0.736229601652691 2.17494554589794 0.036974095862258 1.52900905985326
165 0.128341360951491 1.55210965400032 -1.72430282439633 1.88780310658182 2.98852952839786 4.13569584808399
166 1.89911908972173 2.10967530852658 -0.231929901219776 0.181011533907807 1.51234046688191 0.912960789464654
167 -0.197221097150331 4.11732886167177 0.842116758047847 3.97674941416219 0.97500805051855 1.72835024842568
168 -0.528543794942304 -999 -1.35748080144589 2.7491635330689 1.48466469982194 3.19012459837349
169 0.138360416534897 0.973632594635741 1.22062728447394 2.50154886676466 0.798131209431724 1.03317113190114
170 0.449418028804291 1.50941622240366 1.55346279062618 0.521045169045651 -1.24634724753156 0.829983645490965
171 0.153693954611069 1.3626966383416 -0.219898877356069 2.95328414807697 1.77164069589898 1.40759594895843
172 2.43834733267596 -999 2.49217607100211 3.38387646132504 1.67232374487983 1.87499970022665
173 2.14917856854016 1.92805437472809 1.74713229912351 1.79738070417253 -1.394068428779 0.514039773648105
174 0.24916457127306 0.503064740477542 -0.716161563539056 2.41013086357267 1.37895072308021 1.91210707900924
175 -0.183350717299823 1.37212777012867 0.615711027934701 1.22032283708949 1.85718853770475 1.82822371087607
176 0.228069514273096 -999 0.225497607986 2.06483806294645 0.702502672151812 1.69471493323345
177 -0.21179486400307 1.66673610722833 -0.642238730780481 0.714132887358364 0.853933445039288 1.63826620125524
178 2.3601813992332 4.67619306167345 2.22493735013287 2.77205470852107 1.53354202883503 3.06840028796637
179 2.07812248479032 2.28019292062785 0.822397218498966 5.5827261852296 3.23331336816058 4.04072209979613
180 0.65022110454753 -999 1.3758986999249 1.80376782386518 -1.15716904882298 3.42977638168307
181 -0.0128479226061675 0.948352112303591 0.513857336761001 5.18171296546637 1.05737366051213 4.58971409384666
182 0.141307092774023 2.46661345293536 0.384691921738741 2.56507665748038 0.646362020438393 1.50141677215707
183 1.85947732683626 2.42028904604208 -0.123679710432379 4.46291043059928 0.0591563657910136 2.4210270226621
184 -0.196835640480949 -999 0.377339662154538 1.30113773135871 -1.41481286295132 2.1324423581126
185 0.905139754946133 1.1733990381876 -0.0861753810329353 4.04325029491459 1.33339547789785 3.22453160982969
186 -1.91650404427128 0.0146410249894162 -1.54983885401883 1.61321595288961 0.0710793882745693 1.51615649154716
187 0.250039840570258 0.24106923015342 1.95484674909327 -0.147909392828749 -2.86947623135824 -0.885950727426458
188 2.33398076980342 -999 2.32726325266447 1.22821865982074 0.531783249676993 2.12552248383786
189 -0.904096466435317 1.23033750485101 -1.53433440886641 1.59603611328424 -0.310304225595027 1.18683681587018
190 1.21466329863572 2.62509261428749 -1.96532977557566 0.0986108482516133 0.375357590110612 1.24001804607406
191 1.13174122983854 1.69348671132719 0.759386289985278 1.69316715544163 -0.265309676416118 2.18036988565836
192 2.52207977380058 -999 1.79679693572199 4.18987242313955 1.8521992731562 2.02144512660361
193 0.592599468287326 1.98351776235037 0.489128059925331 3.09732172562956 1.48958169342629 3.06342861020981
194 0.912461352292456 2.1751278151604 0.908671542359126 1.40701325732847 2.51094730119215 0.742715606943204
195 1.01194011797928 0.15805790742459 2.17559433369966 3.98324829810877 -1.69113786398995 2.62029706298207
196 1.42966006281874 -999 -1.6280573217409 2.02429938527321 2.2767145167022 1.06139567234032
197 3.39271416506668 2.08330391394809 1.49648509009781 3.0046332763777 -0.117976866414524 3.32184502643391
198 1.97319403544291 1.81184129831559 -0.427792697811211 1.90060887866021 -0.299818351249645 2.63646019106492
199 -0.0580016176661415 1.02380727033588 3.26792177312532 3.10418609063479 1.39649543202227 3.55784683008042
200 0.270998337331499 -999 1.3022321953285 3.00809183484073 -0.316447966141451 1.88980651443753
201 1.47984230804812 1.25400243325874 -1.24854346078451 0.506092685328766 1.9370651282196 2.10590020518956
202 -0.229890150164743 0.513659591426901 0.775414913134246 1.22062410743891 0.778926208780575 2.35484370513245
203 -0.320869334117055 1.43955183042797 0.715214404240313 2.8364833742304 0.0565805655361954 2.79129727265153
204 3.68353632310676 -999 3.69020903574597 3.18572706465507 1.38576751096789 1.91916769546984
205 1.2739069932605 0.34378100652019 1.18709822441926 1.73963869524583 2.1156426298066 3.4453453617827
206 3.16793217991482 -0.0399734783419725 1.73842289538112 2.01863308121917 2.19465205135529 0.0719082493723879
207 1.20650392284211 2.98599164189904 1.51770663329926 4.78203081842343 0.853453453716415 4.10123181390728
208 1.89530257149054 -999 0.53315486701253 0.727149401853666 2.36699564256172 0.938632303352686
209 -0.965648830122147 0.673511888706631 -1.64898622287687 2.54987512184344 2.12437286501942 1.07649094677119
210 1.55084250437313 1.89734696676327 0.773619989623484 2.91054400198696 2.18455523600544 3.80443138824582
211 1.78208307323056 0.925857676795895 -0.603931755566056 1.64375846036593 0.35575484303203 1.47473940383808
212 1.86812084757676 -999 1.79411726695822 1.91591058879123 0.89209095609027 3.51491569951631
213 0.903045948504342 0.132845489408108 -0.438873781459972 1.91481561197645 0.63535480752897 2.80114062150698
214 0.50953514694375 0.294716472835648 -0.272218844456048 1.3568057136327 1.67971685955817 1.19043309467367
215 1.12187801268276 2.81557640592343 0.764072615431255 4.24515158034621 1.77573305665487 3.11602791073436
216 0.640477726323692 -999 1.01519755660911 3.22055422086025 0.276862179929484 2.04481292993264
217 -0.85488713892637 2.55560343613468 -0.0176244428667141 3.575460615264 1.20953241808377 3.7839424084989
218 -0.691168062809823 1.81904178631004 -1.69820935311384 0.0805412179695653 -1.93568335557267 -0.827134380501892
219 2.57252672224968 1.96797794044225 0.721942116056424 3.38434694365501 0.184603294630184 3.27633016965972
220 -1.41968303018039 -999 -0.429274468691529 1.56950118657003 -0.195172566605214 2.65578719840575
221 0.99788800960222 2.08140295716808 1.01048193771096 1.36806935484742 -1.43638819412724 0.542458338594008
222 0.457090889215008 1.74296131835132 0.817673606243748 1.58584198325725 0.685031722617391 3.73603874045393
223 2.6127844743123 3.36757238928061 1.81126602398492 3.51065017340327 1.99259904477808 2.2143494144971
224 2.78157652684948 -999 2.85965314541302 0.53232486141145 0.398906413569545 1.22765798731257
225 2.9137686871564 0.931238939887158 0.964977721597011 3.12963159874681 1.31137514033635 1.15899618937017
226 0.993230771147012 1.20655807727098 -0.406609547534288 0.824762942746472 0.155172103016151 0.591637223552416
227 -0.222171258569515 3.4929851473706 1.01949037088528 0.936254652823205 2.44464906053738 3.81229807791315
228 -0.502344064086755 -999 -1.34060826491025 -0.502966502876355 1.96796637097265 1.59064266828053
229 1.76508422293983 1.16326716328017 2.37860508603649 3.58785803199607 1.41804976597558 3.65611650359277
230 2.60758283248821 1.35315562359724 3.17168532018674 2.06917270681737 -1.35914133017332 0.682455683225607
231 0.516069001823381 0.897877655905892 -0.137736187040725 2.46775762064157 1.98585641074605 1.40828222423597
232 0.347598029670858 -999 0.911451462472418 1.43568826019823 1.05102161442753 1.61952958384594
233 1.54219111644162 1.51727886955793 2.69462690344153 2.1128432028083 0.809280171652819 2.45671057174913
234 1.99006281638543 1.40119623256465 1.45139564523176 3.92530803985282 0.987864387142355 2.63025191921493
235 0.852204093720627 2.82160729440665 0.45229604184406 -0.782492458973109 0.324340169947784 -0.733588284073193
236 2.03500104182228 -999 0.358543225503016 1.61611891344039 2.2566552739832 5.35576566598305
237 1.562192317903 0.511610400366442 1.84729793436871 1.14180102772378 -2.21541870097594 2.15104576513108
238 1.31075968305802 2.0370776736488 1.00636297368113 1.48157357186961 0.531082877176326 0.926626450504949
239 1.64246618987946 0.210547052697207 -0.463178612473539 1.4431723656995 0.273558203996807 2.05227770401355
240 2.06316556987832 -999 0.0381338122247191 1.08237379657147 2.62738473700924 1.4320559621688
241 1.62341398472121 0.968238058615952 -2.12969192004509 -0.380248643044641 -1.51901856448748 -0.169196979834106
242 0.788281864131877 1.22058593257928 1.19178927257185 2.37785902805324 -0.881739159439192 2.47002409365549
243 0.897249116699944 1.0769762873057 2.89547564559601 4.2899965953997 2.17594539851546 2.61269826342678
244 0.30062406028377 -999 0.679154488783271 0.164107000510102 2.59588451882448 1.14475260439666
245 -1.34590853364211 1.3636012711176 1.45432877652085 2.35205782306543 -2.0251524678619 -0.26108124886815
246 1.47922209537551 1.98740060564658 0.280727176360421 2.97607531305722 2.59424968949634 1.56769060440661
247 0.994492160452708 1.19819399688072 1.26854290754425 4.14574936593035 2.34063915644645 2.75097784503142
248 1.55288546972938 -999 1.31913594229682 2.37813772204688 0.54567359714469 4.23686146448434
249 0.862631313824957 1.49342475720453 1.42468102651614 3.12254872360069 1.34442620117596 1.17252499190486
250 0.647523026550397 2.2465793083708 0.333963560300036 1.95856256933577 1.57677877547449 2.63580034751069
251 -0.039231735964242 1.14276072891111 -1.42479142591474 2.71843847930837 0.74692358570756 2.27605454819861
252 0.0300600103067223 -999 -0.442273310036466 -0.358093250208181 -0.975790916428475 -0.821872673524043
253 -0.0862948499632532 0.12151437439962 -1.08255586952982 3.53078584300081 1.4801417965077 3.57024138303588
254 1.75517117130824 2.67202041364114 1.8259724658374 0.909896858957659 0.499838555994268 1.2845332174292
255 1.50449290559654 3.6824110238445 0.961295982415806 1.03591703630307 -0.84896343134515 1.90902926260069
256 0.899744280663236 -999 0.979505569932965 1.1281206814747 1.59451981360275 3.02873719712443
257 0.929069734363429 2.98728313129393 1.55319673905533 3.98606159668044 2.72421578030105 3.16639029923586
258 1.6953672554826 2.02120854263511 0.516932918483009 1.80125525504187 0.446963251902642 1.59607154483756
259 -0.134276026125276 2.61879489881712 0.395671540179211 3.05795846157677 3.15858967134421 3.84753276861978
260 0.333070797519486 -999 0.788657669895484 0.596799204557849 1.51292804509177 1.05508156783872
261 1.20227861427292 2.54273978151447 -1.97475045014558 2.22373499111425 -0.410793044813549 0.723709541664263
262 -0.223792330856203 1.47825078215601 -0.743792693298793 1.63397883751812 3.40240517631384 2.14710520146707
263 -0.261699435023335 0.454334178459672 -0.578500891856541 1.02911623359774 -0.269016327101139 -0.0694903126994297
264 2.03760469484047 -999 0.842979823287662 0.524706325151127 0.611793649913141 0.506256128952599
265 1.28431760084071 1.15130773877025 2.32177563792455 2.75049463642501 0.105611913419191 1.68825039048675
266 -1.21646392567655 0.0392636980877863 -1.54694359793905 1.36362977240161 1.44785224587007 3.01790993925724
267 0.651601605152016 -0.113117627606886 -1.10647619983844 -0.1333508172924 1.08396100852465 0.344712537630126
268 0.210718319377531 -999 1.46722007044487 4.46776555331979 2.54369565437319 1.38196581591522
269 -0.140441088531196 0.383765662780704 -1.93365484190764 0.0909091415927596 -0.848037173224138 1.08828830399599
270 0.573613527253713 0.781390133059552 0.391569580749228 3.19624789319918 1.11380740184351 3.43407755720696
271 1.07850698594614 3.42640442464359 0.976236701244008 1.31886533594911 2.20915217364766 -0.215244129485544
272 2.08292013319033 -999 0.156326143522661 1.82386540422193 0.408629628241527 0.159907218755365
273 2.18048861076228 2.57150697164783 1.24465904458789 1.88075900842703 0.685624146186014 3.24591957524153
274 2.27501673420623 0.75643278942719 -0.560363560045785 3.22623464659333 2.33156439431607 1.72622885664385
275 1.98023087599781 1.33116463204324 0.203020296981157 0.875786590111057 1.63730567938689 1.74222426532542
276 0.227288025559389 -999 1.20358374483112 3.36051167399721 2.49974604978234 0.863915589573695
277 0.317835468283718 1.82194426490111 0.698837726002012 1.57674199698346 1.62625721002152 1.06563570822843
278 0.376251317278405 0.686336956528532 0.763860283621369 3.5674307818527 -1.06776752042083 0.422377434228452
279 2.3625297289068 1.87330813579309 -0.0837468927797917 3.00773285969734 2.30723168794859 3.5003387054451
280 0.787916860489668 -999 0.78916984785016 2.52207322302975 0.667441526180786 -0.635742424809728
281 1.18598697954244 -0.396606652377591 0.657433861665327 -0.63378248423197 -0.281063584180051 0.110822758920404
282 0.846527653365485 1.44792657262935 2.64519260581329 -0.550504701074263 0.896313354434147 0.149552387386485
283 -0.285110407408666 -0.627323837022622 0.554952639127165 0.0761811642985879 1.72907647279697 -0.198536855232521
284 -0.0267482063456375 -999 -1.66450735465232 2.35498747042225 2.81767022091801 0.881500504755676
285 -0.0891067355653719 3.24069218704167 0.513584612267436 1.3621584431575 -2.33132404886983 0.534759249736126
286 1.88154511489931 2.08898518684524 3.38593589604366 2.26118490398964 2.36466830356263 2.68908764705264
287 0.135080565106294 3.57275692836518 0.294294040563043 2.95203184528177 3.0222323593971 2.58818485824015
288 0.940839976201582 -999 0.0776247110319848 2.4053272624318 1.5069119315131 2.21628254480394
289 1.29623200960397 0.76477708041793 -0.115151484211697 1.30414042896469 0.760852502644605 1.00203092349955
290 1.72864075931791 0.666898679442061 0.592407333865079 0.325868390524357 1.1756102517775 0.173302399258313
291 -1.31773038134786 1.17493668883703 -0.838750387405428 1.7146898869496 -0.30937318013616 -0.443716918913885
292 0.971609574283368 -999 0.843475647841712 1.90824773606772 0.619083827855633 2.21696331957023
293 1.27152325872289 0.204552075178701 1.20270394481198 3.32854549609831 -0.488378042523548 0.940424588432095
294 0.832513346007258 0.95489000080063 -1.97250062880153 -1.21980561260122 -1.49219632942683 -0.0230238254164095
295 1.09521960762611 2.7289147535317 -0.84478432657725 1.12026025234307 0.909890675666904 1.89908989256705
296 0.590627617829113 -999 0.6237536872113 2.52813840775728 0.928616827722675 1.8347735554826
297 0.306285351991015 2.18903110859759 1.0260285617498 2.36405720245591 0.224370482122334 -0.79978893769872
298 3.15685387360246 4.16963434293056 1.81382782580704 0.918717509965608 -0.241046865894888 -1.13803424002102
299 0.814368384319677 1.90667429209634 0.392410041936028 0.788858255184754 1.06755475658302 -1.1462243592646
300 0.796470622728972 -999 -0.114097376227239 1.63525722085059 -1.42306035836216 -1.23606023789943
301 -1.07896056585311 -0.0340058904192315 -0.192782642545831 1.98720854586139 0.280242834589589 1.15060701480985
302 1.90801847520811 2.94681460529249 2.14990853779977 2.56171053290721 0.0502916977260791 3.17437093234252
303 3.86786841431437 0.860833629771539 -0.299491509738138 0.65234575587951 0.656872039095047 0.703716384691837
304 1.57248976186542 -999 -1.22283659139906 2.31556409530042 3.63338253234563 5.41643329182635
305 1.54098463461319 -0.488880888707013 1.60891754003879 1.45443235823416 -1.1178941875331 2.06633385294505
306 -2.02726193190438 0.644139565189511 -1.22106911328583 1.49756167805964 1.65186432666422 2.78961212756523
307 0.826272716299097 -0.26235216104036 -1.4023763953443 -0.383268032332062 0.762928675029518 0.270615498584302
308 0.523244801651685 -999 -0.722119655965171 0.143937471282169 -0.702069586496145 -0.932678562433624
309 3.37706412981981 3.71174139081514 2.45717943859369 1.3263565810801 0.170784727036654 2.64951965559377
310 0.199897763197502 2.5054641284188 0.274574380224003 0.546081840027965 -2.22702639521194 1.45951062533489
311 -0.482804404159361 2.5813376732168 -0.290927742134375 1.10736303304694 0.519897596533885 1.49384611972721
312 1.10886082533491 -999 0.171696108619552 0.662831434800223 -0.435251127846662 1.15123718331714
313 2.11918117727908 4.19419078876284 1.80631055194842 1.62791415000295 2.6350613068188 2.59567600971595
314 1.40085826350438 0.16889715399662 0.324124251442312 1.72636288421028 -1.75191768416991 1.82985202789186
315 0.664964554146898 1.4327331277815 1.5467463112724 2.14172252961747 2.07967914849462 3.44959204576499
316 2.69297086173563 -999 1.62387538909685 1.48106544960146 1.68215979641343 3.87170423649
317 2.05976651141309 1.08289325477947 0.921036781628951 2.46328062495457 1.95331345260642 1.74970945801588
318 0.155085623083351 1.90880807515917 1.14978414950149 1.54538889058644 0.752011014955266 2.05424474433897
319 2.07113159586851 2.48748287645112 1.34814375719386 2.00262849637921 2.2848467383362 2.13755442114195
320 3.20180357576365 -999 -0.219075366919616 1.88800012350778 -1.2081777356078 -0.759089231791095
321 3.7482258895918 1.89900210803439 1.81085165604324 2.9467969650945 5.17415632661301 5.09727899219606
322 -1.01814935261719 -1.01085157282546 -2.95429904996121 -0.281932676604495 -1.96495795314031 -0.621055095171353
323 1.071335150889 0.964221950433303 1.02041966872825 5.10779175507862 4.20702682408521 4.86809911430068
324 1.83850484478408 -999 -0.342473771631246 0.364654896938927 -0.676500655981376 1.01431455920152
325 -2.33732247113311 1.2997123467025 -1.59493257658587 -1.2641561869853 -1.67809941711345 0.847704658275567
326 3.20380763785554 2.22930430436157 1.52923975289305 -0.579272742415152 0.00167233859843707 -0.900777690021131
327 3.14370528431066 2.26453545066275 1.67528213915642 3.011461861508 2.4809525741322 2.64605513688316
328 0.831414668411371 -999 -0.747108889624509 2.42526134310996 1.97267489129818 4.69252136766727
329 -0.774132602436889 0.875286963943439 1.11336741981352 1.64170718049356 -0.0230748499220517 0.381835629752114
330 0.675123472271349 0.0811681629451995 1.11668462519922 1.22502975941254 1.15196946226383 0.765981693858532
331 -1.41747855429388 -0.114194425739757 -1.97586301314442 1.98368644953252 2.3282737746768 2.23498753267217
332 2.49564029908481 -999 1.69630218268716 2.64723795466725 0.246784241009033 1.17728072244604
333 0.249081445536255 1.51535578294485 0.538228913812549 2.77684843025084 0.27566396372685 3.46379570887675
334 -1.33122583727931 1.66057047013574 -1.60770621241438 2.43174362234853 0.676112070270501 1.30585035974016
335 -0.211760533175604 1.70914216868997 0.317721403520008 3.64885585445465 2.3510057528394 1.84286648982924
336 0.754913378087341 -999 1.68376648568084 0.960867509319695 0.926694425190557 2.68299611693441
337 0.153559190584616 1.44777049038644 1.57361357262584 1.31502899491981 0.28312757466759 0.380839391723706
338 1.13479941855643 1.08633829283662 -1.27184194756587 2.38311389213388 0.171487965047632 1.56865652948389
339 2.11131878445733 2.62112460871963 -0.582386961732077 -1.69397784405083 0.084799243903162 -0.542074589186503
340 2.10227010632445 -999 4.11968140147168 4.30805247825521 2.90421936745487 3.40829473337867
341 -1.7766544329766 -0.776077691717868 -3.91638341430068 0.142656270651057 -0.28835163747576 0.242066729968114
342 2.12660623113686 -0.729461939952853 -0.578754975654735 1.43968440322216 -0.5693706468696 1.43478767462554
343 0.919804100813211 2.76502389859955 0.456619730306527 1.28430436681436 -0.410115089696912 0.596506324047859
344 1.01586323651091 -999 -0.100342760323012 3.31650953388169 2.74390978738407 3.50158028549225
345 1.61057504798453 2.17455438309583 0.345298467174716 0.937064218581151 0.807827242866372 1.78165070715551
346 -0.040387719708955 2.62021553443608 2.56871479566533 2.16103489992437 2.33463778817059 0.51633009760004
347 2.18903539575144 2.08773861280498 1.28432532398967 2.68319589730641 1.98641984652702 2.99410800827288
348 1.36867727620576 -999 0.619495264819264 3.35586605521668 2.23694058605454 2.44874863971066
349 0.862756646237847 1.09483071567483 2.47592541762088 1.42802520346198 0.966468052974824 -0.108284835726949
350 1.01217653892042 2.58046127108722 2.4460255678288 2.72080939943292 2.50527281046293 1.98692071295805
351 0.164393202772057 -0.890021713601258 -1.58912725774677 0.703919953336909 -0.731968200791409 -0.892262284307965
352 2.00834520287696 -999 1.40212877680177 1.4813672480957 0.0197234936482343 2.31931124622843
353 2.09342130082366 1.7673574511922 1.26198179691864 0.90152692008822 -1.19162364090802 0.509264033537146
354 0.924497416523716 1.64004439420653 -2.33015348616426 2.05043759220865 0.849663524104342 2.45030118983155
355 0.470661174401501 0.812122085969443 -0.445543863609971 4.51839371806613 0.406829589502917 4.12115292365961
356 0.92560153581976 -999 -1.25436036624336 0.475799342301014 -1.71136714845837 0.232978182937905
357 0.791754357792129 0.821403684993676 1.17756679572588 2.19004885025551 -0.235366233172337 0.57486939424324
358 -1.5484382142791 0.580770294413074 -1.50549621042104 1.45616115078001 0.595835004183362 2.27080579536919
359 2.35932278503133 1.59465851268551 2.25829989556391 3.34200238556278 0.833173388809298 4.09149993216365
360 2.02720600548131 -999 1.80878321964396 1.55787914136485 0.652946981913511 3.02960478114335
361 -0.488685095060662 1.53155347575177 0.179457332245557 -0.563961762525024 -0.235436948217719 0.946829045761448
362 -1.26239960630881 1.45800549220864 -0.0478230059430362 3.14734023507254 2.01673027916807 4.25713735797328
363 -1.01283676866109 1.62335129065365 -0.219805207328758 1.45107114806697 -2.36545419034213 1.13928774470541
364 0.660781986931942 -999 0.556693297700308 2.77197074963863 2.45193099813707 3.83946551718285
365 3.23655150513377 1.96725628643956 0.897698119031582 3.19301226862013 3.07455806759971 3.5802207698109
366 1.66236939554335 2.20922292543657 0.409127353339563 2.25516332400098 2.87695808131808 2.00901653389126
367 1.91856764065843 1.34548515883114 -0.886737800351832 -0.266141977716568 -0.141671161622213 1.71154159482841
368 0.97505152660117 -999 0.248707019474549 1.39897847288016 0.442977602967743 0.266735933382105
369 2.37013674135417 2.23554168565304 1.75112265681858 1.08324714243051 0.341756685823105 1.74871637748866
370 2.80220191078531 2.74596653201476 0.906944379383824 1.34474480057548 -1.22448779060173 3.40012283983802
371 2.9493744980015 0.949310770999747 1.58689433749642 4.52549846585472 3.27280674089583 2.62174713447684
372 -0.301004823367518 -999 -0.636127941431778 2.98499833917123 4.96017142542105 3.37345899817545
373 1.33888889253831 2.49373900590999 0.360517318135473 0.970880869880675 1.11709464551614 2.01785615913763
374 0.500918231776992 2.27386245383047 -0.53223106412948 0.750640431189105 1.33194742075748 3.12878245151657
375 2.69467013168478 2.3207251580331 0.624446651614732 1.38967349314506 1.17017039307291 2.32067288820912
376 1.45872749839247 -999 1.6909904881034 3.0286365263 0.949094804405786 0.376574678872073
377 0.136795895474122 1.57497462477592 1.80256648261938 2.7889350712645 0.159578218280361 0.932160705696056
378 1.61864047672787 2.45113268180169 1.53596257574356 2.5055323865699 1.43810783614976 3.78316759117794
379 1.48749986668058 -0.587749224006731 0.0185408543901213 3.88220049853603 1.38844187151822 2.7452256235605
380 2.73513015689698 -999 3.53589132735409 2.38560560100367 1.35910813828153 1.37999238188938
381 0.660599206761215 2.95594961982172 -0.489291281692082 2.46050337139508 0.628302879600868 2.79563456166007
382 0.6908883288752 0.330072085844517 -1.56332819249636 2.06996727071421 2.251981509933 3.90566915007025
383 2.34324029061166 1.46102924813794 1.28019804497315 1.00745959635103 0.308783138483642 -0.151558006547163
384 -0.804249078325176 -999 0.885212386810102 0.611606997076894 0.719524174991414 0.761330697184429
385 0.487962327586361 2.98305187448838 1.46292373076656 1.55570160628073 0.377525690923252 3.10006775004124
386 -0.507381091793239 0.853793197703399 -0.215608850315152 2.65130408398491 2.66986575652433 1.47007901532671
387 0.271293277063218 0.255736027427291 1.57721040917538 2.45993010073409 1.30772689321509 0.83969656133471
388 1.79111236208105 -999 1.5473420133679 3.38640619274757 3.21359994376045 0.752499860668577
389 -0.522914852529048 1.28595148426528 -0.184787874591591 2.54440286426586 2.66918357075538 4.03576891116618
390 0.485466221011988 2.86554994786022 -1.20446993475707 1.85537692155033 -0.62426727319564 2.82173444248523
391 3.05125647420901 0.882743451301687 1.29348232302815 1.89311330216684 1.43570112010245 -0.701274567405608
392 -1.69864744692856 -999 -0.833806143701924 0.26601786087154 0.180606295438025 1.65807989027612
393 -0.269797237558334 2.4317520215373 0.60644202329555 1.24328016362584 0.463983642392251 0.406224543795378
394 0.0272202615490935 2.1091220358974 -0.280776946007715 0.0449229130245303 -1.59189286248087 1.43767948301384
395 -0.00747425368535559 1.19239718269924 -1.78477440908796 0.650803375393177 -0.779435369208241 -0.410415825036256
396 1.13098458243457 -999 0.725402289306737 1.8133086652736 0.673634978010098 1.87430691207621
397 1.54140443764839 1.21911090406268 -0.739683645072219 3.0072599722635 3.05330221711737 1.49825898371159
398 2.33824970395547 1.3100731460388 0.618630722757062 1.95835559669272 -0.74749746032594 1.01670487358682
399 0.488789095099264 0.18666154572406 -0.554715456058334 1.6264272807238 1.53816102377975 0.468723658683447
400 2.58523013919997 -999 0.261871254880967 -1.92250331945786 -1.3534244480607 0.157725323923465
401 -1.24524925243129 -1.33009638058157 -0.371090019508334 1.13731236857936 0.475629149636722 0.026699358711715
402 1.82893080214066 0.584354607905629 -0.0221397590770575 -0.960704474399357 1.62435548451532 3.04179317518372
403 0.0268093911246597 1.43188382472717 -0.0610819330512847 1.74307783640233 1.0822354501789 1.71136946270086
404 -1.25128419206484 -999 -0.231823203192072 0.462101149240306 1.71537681985437 1.54791113701231
405 2.14215589264519 1.62963871592696 1.92391807341203 3.40158818832843 2.89792094896739 2.6398672655263
406 -0.85550278351554 0.604838375700397 -1.06862224008534 1.5411081559537 1.82979425491895 2.59954812108426
407 -1.71106747000724 0.272569606616769 -0.403013683105049 1.79609343268122 0.0665092657644688 1.78154603645181
408 2.5658648541139 -999 -0.558537173144956 0.640081124014834 1.55850305487392 1.38340800355161
409 -0.452776055715943 1.59988450521663 -0.0239641832334114 1.2635786357523 0.188460708771275 -0.00178987387457386
410 1.06007777478799 1.42503286657661 -0.156536135852371 2.59698991101353 -1.31506047553595 -0.5769365627693
411 2.01492568686854 0.594814730324783 0.740031421726846 -0.138502996836383 -0.268510771066977 -0.269419953986971
412 0.712936998160941 -999 0.113372648541438 1.65960792523465 -1.69189425465344 1.85601943979012
413 2.20009474157762 3.28699667939179 1.61089766016104 2.95451737567256 0.760107694262056 3.72089815247308
414 1.72797295701982 4.1636041672504 0.85338450634786 4.46485174746165 3.22376028596137 2.51032228188402
415 2.84818577790808 2.22168101903862 1.39082271626869 2.05420756345738 0.206091814304168 1.72334455056617
416 2.66083838488726 -999 2.31873400846451 2.36242501103856 0.68601505242604 1.87435346671838
417 1.10151076162836 3.0567496744399 0.994667925444079 3.31062944873706 2.62814121370003 3.14913245135489
418 0.635185073736614 2.73943659281431 2.35419026379369 2.39779831909172 1.53735465888074 3.1569618595519
419 1.75226925953446 1.81647477786772 1.48789473696644 1.48182753957564 1.6835819821566 -0.169202791750115
420 0.867514444374818 -999 1.52610393887137 0.675831808177589 1.2752642228399 2.69586034662461
421 1.38873116756687 2.8224815451316 1.29918979116461 0.317542902568264 -0.447594327544234 1.37365670003872
422 1.5067780036232 1.135701152469 1.11729017450608 2.56341893045322 2.19226831260619 1.99639598753575
423 2.66086977950141 2.07765614413608 1.0301356547697 3.02145616998722 2.92303030430333 2.46981726113303
424 3.46889611333361 -999 0.80757866723952 1.86281825140737 2.19557421496184 2.84725932150568
425 -0.235128486465717 2.70203817835696 1.32878207750413 3.1130320837881 1.32729401237203 1.43208385662632
426 0.595596068591852 0.263093725080433 -0.187705425809254 2.45828242765584 2.15173953192353 3.21584071185782
427 0.908015176327219 2.50298321237272 -0.632048362322046 0.48894671797893 0.627785066375021 2.38102426974278
428 -0.734153341546876 -999 -1.32394072963624 2.64890158260193 2.42415910264372 1.38378140901604
429 1.87273097104006 1.48508310006401 -0.805147605822618 3.15771767967484 1.3033569842206 2.31053730787256
430 -0.989278470300763 -0.245293329374603 -1.29735668438988 -0.560085073943379 1.62241263772422 -0.658375030503526
431 1.51868630853337 0.880795202424879 1.18990991822485 1.73962753723326 1.22573475814889 0.847444007015579
432 0.992592600519292 -999 1.21711151207861 1.94642299766492 -1.08643860459739 1.43684187581233
433 2.47297481228231 3.32612634236335 1.69030283371018 1.57609171617088 0.583193549823204 1.40009508808032
434 0.736262031482802 2.08092697543611 1.88468850344389 4.47117937248824 3.23918403282917 4.22928527353902
435 1.52336344878366 0.967360053482757 1.53519198282195 2.97938455128587 0.464288783969385 3.32232707749865
436 0.658595388362645 -999 1.14270034800419 0.834155004211268 -0.470588066625655 2.87825510192548
437 -0.912386124523798 0.806422545020498 0.585497224034896 2.60683786881325 2.14198195025386 1.56112949092151
438 1.38370065686923 1.93159359556581 0.973965055313026 3.29177320433934 2.98110675146796 3.60845189052038
439 2.18528425849144 2.02211289403822 2.2046894707601 2.68176571583125 -0.0200785089523587 0.381454901713603
440 0.98548174245144 -999 -2.6562982044091 0.842593022869448 0.223056390247834 -0.434701222898355
441 2.54534558353548 1.35066096527615 1.35605542596389 1.41721692243702 2.03562831241108 0.0164093422114078
442 -0.750320288993696 0.726511257209318 0.520880635931988 0.346641255173472 0.619310297123662 1.9891132319607
443 1.10139597371266 -0.180550706813749 -1.04993406079125 0.894254755717625 -0.291102894636047 -0.793061649773071
444 0.202079765047128 -999 0.90345445116716 -0.0125135293459753 -3.61892109571864 -0.411630629833411
445 0.176918754084759 3.3892659553395 0.911759277145246 2.26400603697318 -0.232170421837972 -0.669616100212001
446 0.779948032450926 0.255947195897662 0.609785935881111 2.18541536286357 -1.11795415665616 1.51179536502724
447 0.850267097383647 0.270174634731752 0.855867442098328 1.30337078153348 -1.44716654781919 0.293111492705931
448 -1.37874929044534 -999 -0.22790481921436 2.24283042489179 -1.36447395826587 1.82999615793671
449 -0.874152215575429 -0.451729021327773 0.699035790175209 0.0343593804296249 0.110814441701987 0.0598472389523386
450 3.65367737549084 3.19223220145767 2.86893211337855 1.10562592752967 -0.430415215813379 1.8329829325586
451 -1.40195510757052 1.57705287785733 -0.364627642227806 0.578666566197434 -3.32947850672867 -2.21719670274563
452 0.0878161961971393 -999 -0.413565262978652 2.0241193143193 0.153567199432042 2.71087226800547
453 2.77110037209216 2.91067692068552 0.0397944055719116 1.63263399781828 1.17938956293923 1.99410355085434
454 1.25654662847156 4.62934876252762 1.33142489101095 1.57386841922455 -1.20854845141719 1.83356791162193
455 1.23399883087033 2.83933715415636 0.471561414726881 2.53402003717242 2.91074044815087 1.85168919710004
456 -0.272091021097862 -999 -1.87146317807619 0.636644028939243 0.140148789134394 0.145844813631633
457 1.92973143121768 3.13413476320752 3.0079742735042 0.385716679699022 0.526981471399968 -1.3301659914419
458 1.25597340678231 1.24687778446124 2.5278374400216 2.21255878259698 3.00798829326641 1.34356197293716
459 0.983260588209579 0.941121940078983 -2.19661512827623 1.00755789866348 -0.150912973298494 -0.346214287095931
460 2.08651939549361 -999 3.16557159222555 4.82685907279878 1.43160166126086 2.71094569358438
461 -0.834016395097981 1.4059062314696 -0.97358053633929 0.729410820345422 0.144856567801062 0.805952810985064
462 0.791706691549548 0.803584191628895 -0.817158873813643 2.57730884257618 3.36570444899362 2.60923835722772
463 0.332616108116604 2.00101017508585 2.38526475492813 0.831872060365824 -1.33347056486836 0.739838802093447
464 -1.55571144670017 -999 -0.469970455953272 0.236005720639199 0.38482755966413 0.966638148377794
465 1.02277378983983 1.26383338883825 -1.15931578350065 2.4095411443992 0.546284778021431 0.990293685649525
466 0.441960733204626 0.512867539990284 1.443709040363 2.56342270646124 1.06905263661529 2.56971102804423
467 0.107228020738953 -0.625492825231169 0.511997104600284 3.45677988070559 3.03086458068809 3.41763086094407
468 3.74377778924982 -999 3.22455547817751 4.74998980253927 2.62530360066093 2.95741359814126
469 0.605097649225425 0.978762408445838 0.0190837011829912 2.61977043163638 1.40986335587868 2.29891440531225
470 0.673403619322139 2.60418624409361 1.10383195829901 4.31468407952087 3.08244099102375 3.84281723851972
471 2.79998245755393 2.20222512895817 1.02340147819084 2.62790900354878 1.43400244083343 2.59661326998351
472 -1.02945825161358 -999 -0.395166633889201 1.01676447323648 3.33580262210468 4.04995798663402
473 1.68142337361628 2.27558516310505 2.65365919984982 2.87684381873878 0.751817385451292 1.5737973178093
474 1.4045415599474 3.1768139986454 1.51548959555431 2.56594269502757 0.296860105225246 2.24969997372341
475 -1.2612529915412 -0.499008665258437 -1.67156381609614 1.10141264939885 1.21354991976238 1.59983422942331
476 2.15001442747842 -999 0.460234063536077 3.188808729216 1.01185710686566 2.46638198430043
477 0.490198847312884 0.627843400294461 -0.684600234758382 2.38836573840498 2.5192449756633 4.21607477392408
478 1.02285804560215 1.07730595019616 2.41437885521342 6.46009352775557 2.89580207606017 3.79851007881882
479 -0.196880652757152 1.70907561675534 1.29583620726984 1.54768369029246 0.729138704889966 0.688049234495083
480 2.25385248485744 -999 -0.0304284928980796 2.71183844713559 1.18891206253843 1.1613022839233
481 0.246564470179389 0.353164319092785 1.23635466583099 2.04839851945242 3.4200362296272 2.76044045772298
482 1.06381829342463 0.299694438392309 0.885345532826514 1.03451237522744 -0.0687349615671629 2.11123582192701
483 -0.0779735237958465 2.2816172092315 0.82558544887769 2.13534369034459 1.43157191724551 4.05616784807653
484 0.845404653695872 -999 -0.158343764358191 1.15172213822619 1.39856939064589 1.73763385776979
485 0.137984008998496 1.7822728969951 0.269655156402349 -0.0532150346966622 -0.6756403447912 0.631598228591404
486 1.46791521009412 2.22031015792482 0.403365809381077 3.11453722327406 1.52367993144415 2.64082507427846
487 1.88699196669898 1.34578600344266 -1.94019170716425 3.36365647918438 3.52971300395876 2.13705167767416
488 -0.494769190686989 -999 -3.39157823911431 0.361666963998501 0.901688368523203 1.26788238019407
489 -0.380428360765473 2.72628636542618 -0.678695344768579 1.31561954839792 0.642606328923029 2.83597628068228
490 1.87382755331728 1.88514358172275 1.824588130554 0.768865032856019 -1.04624754024946 -0.0287871720505239
491 -0.380800546077392 1.8066190850814 -0.76583429443869 2.71794232973837 2.40608813731231 2.62995362686124
492 1.26950267423959 -999 1.99996344217829 1.12732920163244 1.43048068517778 0.978612732888963
493 1.99018455517208 5.23483369290423 0.63301577692006 1.68507046154237 0.33835798700154 2.93599001716118
494 -0.127663325273203 1.42387901114367 -2.19436396535779 1.84088587041835 0.0185939833520724 1.58110403188228
495 1.61900673618173 1.388656554939 -1.33405065122297 4.74626213974641 1.07786074027123 2.71844391590111
496 1.31835564426591 -999 -1.31952332966633 0.711948363977466 2.08027154224757 -0.987180151483704
497 1.6759724906334 1.73037961869322 0.187249015842769 2.16941170582914 2.09216826412554 3.1409303724541
498 0.737106915022623 1.65692235789975 2.53876937814838 1.86893956399145 1.21148561849323 0.452868784136939
499 0.0216884866443925 0.509680382565586 -0.540203353479879 3.95793434341572 2.03245649327298 3.67852660387586
500 -0.344913217769822 -999 1.47243963836127 -0.656257515078151 -0.351430979462181 2.00523057581888
